0.0
0.002
0.007
0.014
0.022
0.027
0.032
0.049
0.05
0.051
0.062
0.064
0.097
0.146
0.16
0.173
0.174
0.176
0.211
0.216
0.218
0.22
0.228
0.233
0.251
0.254
0.261
0.269
0.274
0.295
0.299
0.304
0.305
0.314
0.338
0.344
0.35
0.351
0.352
0.358
0.363
0.405
0.407
0.424
0.431
0.435
0.439
0.452
0.465
0.481
0.491
0.5
0.505
0.513
0.52
0.533
0.553
0.565
0.581
0.596
0.625
0.629
0.636
0.648
0.703
0.705
0.716
0.74
0.751
0.756
0.766
0.789
0.792
0.802
0.812
0.822
0.836
0.839
0.858
0.87
0.886
0.895
0.898
0.921
0.926
0.941
0.942
0.962
0.969
0.987
0.993
0.994
1.0
